1.039603960396 4.314412358991 2.041328301989 -0.165838957703 1.501659176643 1.766900219814
1.079207920792 4.099244859452 1.983866549914 -0.140055408523 1.483307467090 1.724411916731
1.118811881188 3.905955579894 1.933505310929 -0.117901433901 1.467604202018 1.686373848121
1.158415841584 3.731913641556 1.889202160185 -0.098901618542 1.454107381458 1.652340830651
1.198019801980 3.574898012046 1.850090954586 -0.082628459577 1.442454531207 1.621921963407
1.237623762376 3.433031247008 1.815454788293 -0.068693890394 1.432348578580 1.594771560198
1.277227722772 3.303782788524 1.784509564560 -0.056830039547 1.423546210578 1.570591139345
1.316831683168 3.185157646142 1.756583394317 -0.046881073239 1.415842037165 1.548874534107
1.356435643564 3.077129275790 1.731566377914 -0.038465803434 1.409073645117 1.529627989264
1.396039603960 2.978352525359 1.709023994118 -0.031377024142 1.403099800443 1.512433691079
1.435643564356 2.887678296054 1.688471492742 -0.025363988358 1.397805703078 1.497146558414
1.475247524752 2.804310798386 1.669677516027 -0.020268885168 1.393095730544 1.483553595441
1.514851485149 2.727555601909 1.652444378559 -0.015954689147 1.388889380884 1.471466933143
1.554455445545 2.656797174460 1.636589746632 -0.012296407794 1.385119179272 1.460730785556
1.594059405941 2.591555657415 1.622044340855 -0.009231947473 1.381729111635 1.451155298101
1.633663366337 2.531325595118 1.608616282417 -0.006628559973 1.378672207314 1.442629887665
1.673267326733 2.475718974672 1.596217435614 -0.004409721595 1.375910453542 1.435016351169
1.712871287129 2.424405340602 1.584780012383 -0.002507774062 1.373412529155 1.428191521232
1.752475247525 2.377106451364 1.574251574989 -0.000855851868 1.371152479052 1.422044891164
1.792079207921 2.333592486018 1.564594526961 0.000613101690 1.369108689206 1.416493354977
1.831683168317 2.291892951319 1.555232896105 0.001616981378 1.367258254323 1.411294757687
1.871287128713 2.253601304746 1.546658300426 0.002526661761 1.365583852409 1.406551866411
1.910891089109 2.218005057164 1.538684552376 0.003255463297 1.364066668179 1.402165493262
1.950495049505 2.184854506973 1.531220850578 0.003866027834 1.362688227989 1.398084030566
1.990099009901 2.153997737059 1.524266181078 0.004336654595 1.361430992775 1.394319872950
2.029702970297 2.125274803549 1.517782753502 0.004688457417 1.360277822910 1.390872981869
2.069306930693 2.098549118541 1.511740049058 0.004940485105 1.359213304560 1.387749915443
2.108910891089 2.073708202552 1.506116196383 0.005109531588 1.358224545912 1.384955397482
2.148514851485 2.050656684070 1.500893205467 0.005210685601 1.357301720435 1.382498619862
2.188118811881 2.029260224405 1.496017516095 0.005307307105 1.356438963737 1.380332323678
2.227722772277 2.009551529953 1.491551195443 0.005361910024 1.355634122141 1.378460406458
2.267326732673 1.991488360998 1.487493222248 0.005406217402 1.354887975835 1.376840986934
2.306930693069 1.974567543561 1.483674565418 0.005344787284 1.354203270711 1.375349081700
2.346534653465 1.958697144246 1.480061600731 0.005212591386 1.353581831155 1.373994094757
2.386138613861 1.944100423797 1.476744873440 0.005049216522 1.353026925581 1.372682345229
2.425742574257 1.930688407332 1.473705659553 0.004824850790 1.352539404682 1.371420488859
2.465346534653 1.918252516894 1.470845331851 0.004634515819 1.352115633644 1.370081366833
2.504950495050 1.906845715341 1.468211172294 0.004410523172 1.351752038309 1.368763341035
2.544554455446 1.896505663035 1.465835034951 0.004133436395 1.351439794621 1.367481452954
2.584158415842 1.887188476574 1.463701347750 0.003818398632 1.351168527475 1.366272520072
2.623762376238 1.878865519678 1.461802031280 0.003479900089 1.350927482869 1.365185099438
2.663366336634 1.871523356999 1.460136550688 0.003133206850 1.350706989239 1.364268889862
2.702970297030 1.865164173512 1.458712303872 0.002795709194 1.350499926296 1.363565286186
2.742574257426 1.859807369238 1.457545686334 0.002488079423 1.350302939202 1.363100910934
2.782178217822 1.855122340067 1.456505845698 0.002112225901 1.350116336228 1.362807093504
2.821782178218 1.851084307510 1.455576332225 0.001707129700 1.349942359295 1.362737212876
2.861386138614 1.847683225189 1.454749725285 0.001377984168 1.349788842096 1.362748239351
2.900990099010 1.845181750929 1.454154634974 0.001008711801 1.349664039047 1.362843413316
2.940594059406 1.843536334667 1.453769098518 0.000614252591 1.349575514017 1.362952156970
2.980198019802 1.842720152941 1.453579602497 0.000206178837 1.349529502129 1.363020960340
3.019801980198 1.842720152941 1.453579602497 -0.000206178837 1.349529502129 1.363020960340
3.059405940594 1.843536334667 1.453769098518 -0.000614252591 1.349575514017 1.362952156970
3.099009900990 1.845181750929 1.454154634974 -0.001008711801 1.349664039047 1.362843413316
3.138613861386 1.847683225189 1.454749725285 -0.001377984168 1.349788842096 1.362748239351
3.178217821782 1.851084307510 1.455576332225 -0.001707129700 1.349942359295 1.362737212876
3.217821782178 1.855122340067 1.456505845698 -0.002112225901 1.350116336228 1.362807093504
3.257425742574 1.859807369238 1.457545686334 -0.002488079423 1.350302939202 1.363100910934
3.297029702970 1.865164173512 1.458712303872 -0.002795709194 1.350499926296 1.363565286186
3.336633663366 1.871523356999 1.460136550688 -0.003133206850 1.350706989239 1.364268889862
3.376237623762 1.878865519678 1.461802031280 -0.003479900089 1.350927482869 1.365185099438
3.415841584158 1.887188476574 1.463701347750 -0.003818398632 1.351168527475 1.366272520072
3.455445544554 1.896505663035 1.465835034951 -0.004133436395 1.351439794621 1.367481452954
3.495049504950 1.906845715341 1.468211172294 -0.004410523172 1.351752038309 1.368763341035
3.534653465347 1.918252516894 1.470845331851 -0.004634515819 1.352115633644 1.370081366833
3.574257425743 1.930688407332 1.473705659553 -0.004824850790 1.352539404682 1.371420488859
3.613861386139 1.944100423797 1.476744873440 -0.005049216522 1.353026925581 1.372682345229
3.653465346535 1.958697144246 1.480061600731 -0.005212591386 1.353581831155 1.373994094757
3.693069306931 1.974567543561 1.483674565418 -0.005344787284 1.354203270711 1.375349081700
3.732673267327 1.991488360998 1.487493222248 -0.005406217402 1.354887975835 1.376840986934
3.772277227723 2.009551529953 1.491551195443 -0.005361910024 1.355634122141 1.378460406458
3.811881188119 2.029260224405 1.496017516095 -0.005307307105 1.356438963737 1.380332323678
3.851485148515 2.050656684070 1.500893205467 -0.005210685601 1.357301720435 1.382498619862
3.891089108911 2.073708202552 1.506116196383 -0.005109531588 1.358224545912 1.384955397482
3.930693069307 2.098549118541 1.511740049058 -0.004940485105 1.359213304560 1.387749915443
3.970297029703 2.125274803549 1.517782753502 -0.004688457417 1.360277822910 1.390872981869
4.009900990099 2.153997737059 1.524266181078 -0.004336654595 1.361430992775 1.394319872950
4.049504950495 2.184854506973 1.531220850578 -0.003866027834 1.362688227989 1.398084030566
4.089108910891 2.218005057164 1.538684552376 -0.003255463297 1.364066668179 1.402165493262
4.128712871287 2.253601304746 1.546658300426 -0.002526661761 1.365583852409 1.406551866411
4.168316831683 2.291892951319 1.555232896105 -0.001616981378 1.367258254323 1.411294757687
4.207920792079 2.333592486018 1.564594526961 -0.000613101690 1.369108689206 1.416493354977
4.247524752475 2.377106451364 1.574251574989 0.000855851868 1.371152479052 1.422044891164
4.287128712871 2.424405340602 1.584780012383 0.002507774062 1.373412529155 1.428191521232
4.326732673267 2.475718974672 1.596217435614 0.004409721595 1.375910453542 1.435016351169
4.366336633663 2.531325595118 1.608616282417 0.006628559973 1.378672207314 1.442629887665
4.405940594059 2.591555657415 1.622044340855 0.009231947473 1.381729111635 1.451155298101
4.445544554455 2.656797174460 1.636589746632 0.012296407794 1.385119179272 1.460730785556
4.485148514851 2.727555601909 1.652444378559 0.015954689147 1.388889380884 1.471466933143
4.524752475248 2.804310798386 1.669677516027 0.020268885168 1.393095730544 1.483553595441
4.564356435644 2.887678296054 1.688471492742 0.025363988358 1.397805703078 1.497146558414
4.603960396040 2.978352525359 1.709023994118 0.031377024142 1.403099800443 1.512433691079
4.643564356436 3.077129275790 1.731566377914 0.038465803434 1.409073645117 1.529627989264
4.683168316832 3.185157646142 1.756583394317 0.046881073239 1.415842037165 1.548874534107
4.722772277228 3.303782788524 1.784509564560 0.056830039547 1.423546210578 1.570591139345
4.762376237624 3.433031247008 1.815454788293 0.068693890394 1.432348578580 1.594771560198
4.801980198020 3.574898012046 1.850090954586 0.082628459577 1.442454531207 1.621921963407
4.841584158416 3.731913641556 1.889202160185 0.098901618542 1.454107381458 1.652340830651
4.881188118812 3.905955579894 1.933505310929 0.117901433901 1.467604202018 1.686373848121
4.920792079208 4.099244859452 1.983866549914 0.140055408523 1.483307467090 1.724411916731
4.960396039604 4.314412358991 2.041328301989 0.165838957703 1.501659176643 1.766900219814
