1.0396039603960396 442.82549902635475 69.30274613656007 -13.332037602301284 27.77233809996258 44.745497050900354
1.0792079207920793 301.82642571864216 54.46665641271357 -5.669696855363105 27.041722245814572 37.589240308025964
1.118811881188119 224.73084991435155 47.686391741316825 -2.9642012320173956 26.543843091173706 34.308832891727704
1.1584158415841583 176.80238587537346 43.79422961411354 -1.7902882388981836 26.178343639977182 32.32109331180611
1.198019801980198 144.78916593238512 41.13817484524293 -1.1824027657258103 25.867204841091233 30.907744087868203
1.2376237623762376 122.55368524646367 39.16892883429776 -0.8394694838949859 25.59222733908907 29.833179557719472
1.2772277227722773 106.7947603662172 37.71039183535898 -0.6146487138749366 25.413162398363404 29.04571753790988
1.316831683168317 94.9050594774406 36.50588008468154 -0.4414438671803009 25.264519003954103 28.40041260837813
1.3564356435643563 85.74543914004698 35.47141263916315 -0.3196363167386629 25.094802051131715 27.84572555439144
1.396039603960396 78.59211828788119 34.610155382775375 -0.24502108586900642 24.95792403985579 27.389445759481333
1.4356435643564356 72.89692468052537 33.89482466344635 -0.18969625467628384 24.858066074451035 27.023482205852012
1.4752475247524752 68.18493473225172 33.271674775333416 -0.10497857389426328 24.78058634461082 26.71502599038083
1.5148514851485149 64.20220305683756 32.697254586909445 -0.05579840547848215 24.67974639016279 26.429197974632487
1.5544554455445545 60.90508746057116 32.21462786918351 -0.029192586074024997 24.61052235487579 26.191847744991797
1.5940594059405941 58.07462825254991 31.775220522880606 -0.011955537894624398 24.54144781867551 25.98447973235695
1.6336633663366338 55.5842376304986 31.36391824372356 0.02363995250658654 24.46889605716821 25.789381529586333
1.6732673267326734 53.449418647314076 31.019748566024244 0.06558902770985775 24.430502071211095 25.63929242357238
1.7128712871287128 51.59605176484611 30.72213346497585 0.07321810730529732 24.398502067717352 25.507030697688716
1.7524752475247525 49.916556030293556 30.415216360580807 0.07557606896084514 24.34341005319825 25.367414104460313
1.7920792079207921 48.41848740710852 30.14032336917042 0.08400351121863844 24.29334194972142 25.249246247847474
1.8316831683168315 47.05934925850607 29.883377225201347 0.10987565973209817 24.246774378992846 25.13546898512465
1.8712871287128712 45.911774727244406 29.689778514446388 0.12451262521045035 24.24493997389278 25.06393390115217
1.9108910891089108 44.85096002633815 29.50270009294717 0.12323319323088097 24.22531831151654 24.988497808802578
1.9504950495049505 43.868748659342295 29.29882478203749 0.1097865521711222 24.19007710061397 24.904324738750592
1.99009900990099 42.922369083539394 29.090652703227164 0.1276168887754851 24.131349152878656 24.810048324836014
2.0297029702970297 42.125925791444004 28.940824620535963 0.13192153219686395 24.118706541155987 24.754279768787377
2.0693069306930694 41.46018505948063 28.8432464275794 0.12945576434715322 24.14096850467339 24.731645499077533
2.108910891089109 40.76103567509731 28.687402965872923 0.13214604856019393 24.111294747696935 24.664099934485513
2.1485148514851486 40.11218185949977 28.5363588307744 0.12432117319358552 24.069728641179406 24.600891226269873
2.1881188118811883 39.52695821416412 28.41195510775328 0.12548259368829587 24.042722590150028 24.552604193793325
2.227722772277228 39.0307107345758 28.320424328044354 0.12219211956078702 24.043389721731458 24.522970517269833
2.2673267326732676 38.601816083497134 28.253220417667528 0.13406203045546716 24.065310828267776 24.50782999822873
2.306930693069307 38.138360457307115 28.141778932777488 0.11685416798701324 24.034485103916005 24.46105993862678
2.346534653465347 37.715001356782366 28.040245937492703 0.10686678414045499 24.005865668502963 24.42229309489984
2.3861386138613865 37.32963864915261 27.95219966794874 0.1112628586383346 23.986832942903316 24.3847138191821
2.4257425742574257 37.02518657547609 27.90318826878913 0.10217704498272763 23.997452684396208 24.37259459540724
2.4653465346534653 36.74711992880219 27.85960277600215 0.10603151734219107 24.010931732203627 24.36724801929753
2.504950495049505 36.43799360745951 27.77901016503022 0.08837495260569872 23.98145135355003 24.33317410455426
2.5445544554455446 36.16297596670896 27.705659700201124 0.08680002887285108 23.96316547041921 24.30161468866634
2.5841584158415842 35.935922396093744 27.656737788389663 0.08493154997733514 23.95939032334613 24.283253716700116
2.623762376237624 35.75032709030402 27.632208747046167 0.07346137628397738 23.96721646919123 24.280936667858136
2.663366336633663 35.59053415459553 27.611638551351263 0.07019935845170401 23.97989032186245 24.283852163117878
2.7029702970297027 35.39310813967464 27.553019957612115 0.05517807870137353 23.951604612045507 24.25611610301747
2.7425742574257423 35.23152412562693 27.50158694450475 0.0590042412257571 23.940521330440138 24.22955086473892
2.782178217821782 35.1050499038711 27.475619126718268 0.050575120158415886 23.9354772085381 24.219251081137593
2.8217821782178216 35.036642601656666 27.483416467176156 0.038886480580643916 23.954939039182793 24.235805772601083
2.8613861386138613 34.966150436782854 27.475689213362788 0.03374621725560388 23.964991787019468 24.238826630441746
2.900990099009901 34.84901352898601 27.42496218380538 0.02739630054240892 23.93224168531656 24.205526917672124
2.9405940594059405 34.798360640124514 27.410874770830006 0.02119466900540071 23.932878958400618 24.20164010945348
2.98019801980198 34.7577288733715 27.40171880590532 0.010662134491037027 23.927524501493426 24.195277128510064
3.01980198019802 34.78293072990903 27.43312122444139 0.0033606079028243906 23.95257894195709 24.222761706793587
3.0594059405940595 34.78293127732052 27.43312120683793 -0.0034196652755026868 23.952577024109758 24.22276214535538
3.099009900990099 34.7577282544971 27.401718491666273 -0.010712209856747262 23.927524134242997 24.195277131859086
3.1386138613861387 34.79835987077299 27.4108745685999 -0.021241329564099673 23.932878981080922 24.201640071954063
3.1782178217821784 34.84901240170635 27.424961947826638 -0.0274478562970055 23.932242358437783 24.20552683712548
3.217821782178218 34.96614818895971 27.475688658477058 -0.03380559507516912 23.96499383765221 24.238826121743767
3.2574257425742577 35.03664190943844 27.483415838027437 -0.038945914959168805 23.954936745599856 24.2358065143448
3.297029702970297 35.10504790402813 27.47561840818391 -0.05062372185322697 23.935476560788643 24.21925111220402
3.3366336633663365 35.231522159618606 27.501586290443736 -0.059052130548262964 23.940520577709602 24.229551061180626
3.376237623762376 35.39310449704779 27.553018894653615 -0.05523232355997219 23.95160649381668 24.256115825872723
3.4158415841584158 35.59053017307719 27.611637411447862 -0.07025986455371154 23.97989234533132 24.28385162536353
3.4554455445544554 35.75032458878243 27.63220750568835 -0.07351959182930762 23.967214344839956 24.280937384228622
3.495049504950495 35.93591928834367 27.65673678299811 -0.08497750370945915 23.95938857189231 24.283254008770065
3.5346534653465347 36.16297204412465 27.70565830965386 -0.08684973158803301 23.96316478282734 24.301615041596854
3.5742574257425743 36.43798751893603 27.779008506929276 -0.08843133167006412 23.981454100360025 24.33317339929938
3.613861386138614 36.747114476959084 27.85960102735535 -0.1060935792271621 24.010933102328842 24.36724766275045
3.6534653465346536 37.02518272052287 27.903186517678698 -0.102233248414586 23.997449494655584 24.372595657787638
3.6930693069306932 37.32963333995646 27.952197923120792 -0.11131107577693243 23.986831247997728 24.384714248698586
3.732673267326733 37.714993926840286 28.040243701629013 -0.10692015907117837 24.005866723669854 24.42229286930552
3.7722772277227725 38.13835192901022 28.14177654425366 -0.11691275422726004 24.034488445926236 24.461059004587195
3.8118811881188117 38.60180968421553 28.25321814908558 -0.13412545476454954 24.065309893679792 24.507830318570527
3.8514851485148514 39.03070483632812 28.320422027849652 -0.12224703175280423 24.043385557824262 24.522971933890776
3.891089108910891 39.526949256487114 28.41195251349642 -0.12553380039172687 24.042722342875802 24.552604236541406
3.9306930693069306 40.11217145932564 28.536355793383787 -0.12437656373943398 24.069730311903903 24.600890874289924
3.9702970297029703 40.761024761294514 28.687399913679144 -0.13220663241888594 24.111297300242946 24.66409923179855
4.00990099009901 41.46017506186455 28.843243367409233 -0.12951869616440387 24.140967696701598 24.731645895438557
4.0495049504950495 42.12591582605111 28.940821696320707 -0.13197794794977896 24.118703672241505 24.75428076864713
4.089108910891089 42.92235571770607 29.09064912316888 -0.12767133903560265 24.13135057138136 24.81004806558376
4.128712871287129 43.86873400813348 29.298820972063602 -0.1098432216415095 24.190078374006283 24.904324693349487
4.1683168316831685 44.850946208935596 29.502696543560145 -0.12329696061433221 24.22531812384181 24.9884980973345
4.207920792079208 45.911760773632224 29.689775154451585 -0.1245771870153155 24.24493769680204 25.063934762552723
4.247524752475248 47.05933275594791 29.88337338357426 -0.10993384712753979 24.246774127149536 25.135469689507783
4.287128712871287 48.41846733562386 30.14031940641824 -0.08405901821843745 24.293342824510223 25.249246562525244
4.326732673267326 49.916534366394835 30.415212427937586 -0.07563902206245937 24.34341175441847 25.367414405794918
4.366336633663366 51.596029674595904 30.722129940765893 -0.07328990858676898 24.398501108981165 25.50703175752835
4.405940594059405 53.44939586834076 31.019745672455432 -0.06565540209270589 24.430498214597396 25.639294545124603
4.445544554455445 55.58420788722281 31.363915477148375 -0.023701647860147716 24.468895507967044 25.789383078746955
4.485148514851485 58.074590382446054 31.775218055405855 0.011890174682058647 24.541450827013165 25.984480515666615
4.524752475247524 60.9050460455176 32.214627192052625 0.029116356029419015 24.610522102071567 26.191849917108037
4.564356435643564 64.20215532583713 32.69725615707125 0.05572082676226436 24.67974145121894 26.42920180721183
4.603960396039604 68.18487165561433 33.27167893410388 0.10490411975266135 24.780584776575996 26.715029634478974
4.643564356435643 72.89683306663426 33.89483283841837 0.18961911943480889 24.858066489699127 27.023486047388516
4.683168316831683 78.5919941730215 34.61017048677337 0.2449331620221528 24.957924987284155 27.38945081220731
4.7227722772277225 85.74526263818566 35.47143828881753 0.31953488742048913 25.0947978265433 27.845733441365688
4.762376237623762 94.90478271616156 36.5059223093284 0.4413380011718143 25.264513641045408 28.400423070495943
4.801980198019802 106.79429452889947 37.71046037377617 0.6145294820296416 25.413158700403272 29.04573115957493
4.841584158415841 122.55287014058818 39.16904168197549 0.8393280072742897 25.5922269663756 29.833198412768457
4.881188118811881 144.7876684238392 41.13836625484663 1.1822364642322787 25.867200393005632 30.907774642354152
4.920792079207921 176.79946646358272 43.79457155714451 1.7901041195965501 26.178336678315265 32.321143523003364
4.96039603960396 224.72490109751607 47.68705613637069 2.96404129317482 26.543837685944574 34.30890857501305
