1.00990099009901 812.5947361171541 83.8569911612281 -13.00983449168697 29.66112257815334 53.15807940157762
1.0198019801980198 665.7032026683681 75.13726801245483 -8.544502669061993 29.340177725891397 48.66563272005569
1.0297029702970297 561.2953655057432 69.49607164333332 -5.9893235725970895 29.072785895660083 45.72139638199191
1.0396039603960396 483.3347382274717 65.54688242242098 -4.407793368360566 28.8435948955228 43.594575302261916
1.0495049504950495 422.8298955832624 62.63045521538229 -3.380026805689962 28.643051670898156 41.92766830918224
1.0594059405940595 374.59758375493243 60.38661344862296 -2.664561282767834 28.48253604802928 40.590054882533316
1.0693069306930694 335.4271762870074 58.59571071999146 -2.141438879649263 28.344832885010796 39.47650350949637
1.0792079207920793 303.09258437788014 57.104610786208355 -1.752979113770891 28.20375612678311 38.51461727737122
1.0891089108910892 276.0653876471472 55.85234729054695 -1.456220616376678 28.06966865818781 37.67618871102669
1.099009900990099 253.24379995899028 54.77714014834721 -1.2353009514011424 27.94969459903868 36.93645017842865
1.108910891089109 233.8643968045597 53.84781318814393 -1.0573121928739684 27.85014447767392 36.28839091585374
1.118811881188119 217.32574392229256 53.02718265747232 -0.9134752745046439 27.754057797178085 35.711526082267625
1.1287128712871288 203.05553046619315 52.288517141054925 -0.7888820408526932 27.660418709852685 35.18509420457037
1.1386138613861387 190.71234393375576 51.63246952051957 -0.6815295717110381 27.57752063346492 34.71164616262115
1.1485148514851484 179.93703644649815 51.021249009210344 -0.5916007094065755 27.48465625676747 34.27143954671209
1.1584158415841583 170.5331018777612 50.46735613870964 -0.5201599224221188 27.40274562123062 33.87006807715206
1.1683168316831682 162.27600703678206 49.97645371786734 -0.45738530074671563 27.339089826998993 33.51032686799588
1.1782178217821782 155.0452277214969 49.55582908577892 -0.3978485425713454 27.297962521542637 33.196419330951784
1.188118811881188 148.57931554369847 49.13329593760864 -0.34138064139363367 27.224700237784198 32.88444691526542
1.198019801980198 142.83989406449462 48.75092728764903 -0.2899061009784197 27.1639298271197 32.60153141086123
1.2079207920792079 137.6882164066959 48.39628247673662 -0.24995267081860742 27.107808888090712 32.33820406182539
1.2178217821782178 133.0847932280716 48.08236175844446 -0.21576035706169008 27.066210541028088 32.10473884223874
1.2277227722772277 128.93435544553554 47.785634666613305 -0.18916310281964363 27.022499756365157 31.887986913302335
1.2376237623762376 125.1424226880743 47.500258370412624 -0.16120496690298672 26.976942831290756 31.678332997120332
1.2475247524752475 121.73504894968482 47.24335243103647 -0.13511839728600564 26.935173703529006 31.489472443876267
1.2574257425742574 118.61188207046456 46.987079262383055 -0.1126277448546611 26.87971366189301 31.301803686849297
1.2673267326732673 115.77655838199291 46.75514489595986 -0.10176915056472526 26.834523082162818 31.130234654471337
1.2772277227722773 113.17597100796517 46.54001555174284 -0.08856743682278859 26.799822499756054 30.973288897912795
1.2871287128712872 110.85144993960546 46.36587880625109 -0.06774396629868729 26.788597765280763 30.841178960475865
1.297029702970297 108.67116182877285 46.171373503678694 -0.049055853769333906 26.74098318753952 30.698221552799893
1.306930693069307 106.68919434201112 45.999520388328314 -0.028909311997878606 26.708343164309703 30.57062930605745
1.316831683168317 104.88861073272274 45.847273236636134 -0.018795504664336427 26.684310047932975 30.45777305111125
1.3267326732673268 103.27911875742646 45.719187919814004 -0.013137651981243132 26.67445411550139 30.36182757086271
1.3366336633663367 101.74647836170159 45.579264522726106 -0.00768464968769179 26.652244528157865 30.25905234877064
1.3465346534653466 100.38256036503438 45.46316092132228 -0.006211375771274812 26.63475045236989 30.173275821230494
1.3564356435643563 99.11553322049639 45.34867415522103 0.0010917097581560644 26.612346418498237 30.088231601276746
1.3663366336633662 97.9309808030862 45.22735983393172 0.0027597236683137767 26.57871764880958 30.00166755494731
1.3762376237623761 96.85486329403284 45.112886405271546 0.003437986204665262 26.548610979581902 29.920576342811977
1.386138613861386 95.88071155975902 45.01350024858081 -0.0019901526433501703 26.5265039862681 29.848338787796063
1.396039603960396 95.0385177446298 44.94899802425875 0.004246239043681312 26.528439015035072 29.798882686457667
1.4059405940594059 94.2372882468796 44.86183140461825 0.01365787042385363 26.504078005340126 29.73565693236207
1.4158415841584158 93.53106565355826 44.78650074524969 0.024403129746504146 26.48524001635064 29.680443513750383
1.4257425742574257 92.94034243115215 44.73717165426282 0.023163524572723204 26.482186893642222 29.64255381562743
1.4356435643564356 92.43218193255034 44.70262221616205 0.016010666554054438 26.488957498719234 29.61519547482887
1.4455445544554455 91.99160151819385 44.67077598579253 0.011424936246114917 26.490519948307742 29.590107426672834
1.4554455445544554 91.60775859273889 44.636952906580866 0.00976925801671174 26.485944526832345 29.564910179026064
1.4653465346534653 91.27261784206857 44.6010231853988 0.009420741460005464 26.47601621376675 29.538956942754123
1.4752475247524752 90.99314262436712 44.562156735345795 0.004463082345056791 26.459307193931625 29.512838189453834
1.4851485148514851 90.7786853526808 44.52905474796446 -0.0040519252381635016 26.44280611536722 29.490828837347166
1.495049504950495 90.6116069620794 44.4982190977499 -0.004414765555541989 26.43034543314356 29.469948035853616
1.504950495049505 90.55048536657175 44.49617140349382 -0.002848458993673207 26.436849081786484 29.467716709265463
1.5148514851485149 90.55048441632073 44.49617124534036 0.0028434954396537875 26.436849006927368 29.467716711788633
1.5247524752475248 90.6116042681027 44.498218616769414 0.004410083520485999 26.430345285712793 29.469948050605744
1.5346534653465347 90.77868099398356 44.52905419408684 0.004046746580180023 26.442806141820068 29.490828983155374
1.5445544554455446 90.99313682552767 44.56215594398565 -0.004468990496725842 26.459307349742925 29.512838419340728
1.5544554455445545 91.27261021325404 44.60102204831854 -0.009427046196134778 26.47601634264049 29.538957138329692
1.5643564356435644 91.60774904781354 44.63695149517656 -0.009775969061801303 26.485944490867244 29.564910504614218
1.5742574257425743 91.99159001502454 44.67077444179907 -0.011430976721800464 26.49051973510462 29.590107873893103
1.5841584158415842 92.4321682989047 44.70262042705304 -0.01601630556218458 26.48895731999332 29.615195990256275
1.5940594059405941 92.94032672821656 44.73716967873347 -0.02316873758765373 26.482186921766065 29.642554329001527
1.603960396039604 93.53104760616661 44.78649854660069 -0.024408025734195683 26.485240235503806 29.68044408608418
1.613861386138614 94.23726706439926 44.86182882990926 -0.01366321902390377 26.504078159350108 29.735657510466858
1.6237623762376239 95.03849335202709 44.948995002768456 -0.004251920653919044 26.52843903322517 29.798883350981185
1.6336633663366338 95.88068389175686 45.013496864712536 0.0019848917411482594 26.526504015431875 29.848339580183175
1.6435643564356437 96.85483244042149 45.112882621445905 -0.0034436774047648688 26.54861099306417 29.920577198616773
1.6534653465346536 97.93094602965745 45.227355748424735 -0.0027661315088705995 26.57871765310578 30.001668372798655
1.6633663366336635 99.11549403600178 45.348669871399046 -0.0010982369973896698 26.612346527948755 30.088232507863733
1.6732673267326734 100.38251589929139 45.463156451036646 0.006204632648943934 26.634750330038344 30.1732768967599
1.6831683168316833 101.74642824585148 45.57925962677488 0.00767803667374606 26.652244207683875 30.259053573123417
1.6930693069306932 103.27906185990744 45.71918255101549 0.013131368668905045 26.67445379815618 30.36182893362976
1.702970297029703 104.88854612036577 45.847267583368016 0.0187893160391216 26.684310023907276 30.457774396593443
1.7128712871287128 106.68912073852292 45.99951426057359 0.028903231257791432 26.708343432811226 30.570630696295904
1.7227722772277227 108.67107707438794 46.17136671965385 0.04904933986774292 26.740983437552643 30.69822298247609
1.7326732673267327 110.85135247073816 46.36587125881264 0.0677367388118206 26.788597894807868 30.8411805372454
1.7425742574257426 113.17585863650595 46.54000727397627 0.08856058530096728 26.799822465114847 30.973290527385227
1.7524752475247525 115.77642903786355 46.75513596845517 0.10176189685760668 26.83452293963825 31.13023624860952
1.7623762376237624 118.61173286682963 46.98707007182436 0.11262007278271269 26.879713475264463 31.301805382210457
1.7722772277227723 121.73487486735706 47.243342761763685 0.13511065222458707 26.935173491744212 31.48947433036938
1.7821782178217822 125.14221809986009 47.50024793392282 0.16119664456276725 26.9769423560937 31.67833509228494
1.7920792079207921 128.93411372921437 47.78562337141785 0.18915435274138465 27.022499111582846 31.887989206720444
1.801980198019802 133.08450618651037 48.08234980753974 0.2157515439443853 27.066210092932366 32.104741279672034
1.811881188118812 137.6878725826231 48.396269503663866 0.24994309276540835 27.107808824498832 32.33820645418497
1.8217821782178218 142.83947847905185 48.75091298310866 0.28989599992000276 27.163929906222318 32.60153377649733
1.8316831683168315 148.57880823369632 49.133280347649915 0.34136971763095214 27.224700174852032 32.88444941916405
1.8415841584158414 155.04460326735833 49.55581227879517 0.3978364306291027 27.29796215181397 33.196421920210305
1.8514851485148514 162.2752340305611 49.97643587340223 0.457372969645926 27.339089193634372 33.51032941400475
1.8613861386138613 170.53213675416507 50.467337140904455 0.5201467180453296 27.40274479452809 33.87007068399896
1.8712871287128712 179.93581975584866 51.021228704533364 0.5915862523708929 27.484655246018338 34.27144233031171
1.881188118811881 190.71079281645788 51.632447997042576 0.6815134807675899 27.577519741508674 34.711649102020985
1.891089108910891 203.05353512012286 52.2884935726567 0.7888633588142954 27.660417507620707 35.185097319082004
1.900990099009901 217.32315788584984 53.02715716597026 0.9134537199282108 27.754056377164158 35.71152940235832
1.9108910891089108 233.86102473128517 53.84778604720057 1.0572876836381908 27.850143327159874 36.288394797146545
1.9207920792079207 253.2393776805509 54.77711162934611 1.2352734227418452 27.949693569272394 36.93645466083566
1.9306930693069306 276.0595604829649 55.85231800835558 1.4561908188790158 28.06966752707324 37.67619402628258
1.9405940594059405 303.08486662084096 57.104581127660126 1.7529466894419077 28.203754764780573 38.51462388663608
1.9504950495049505 335.416934293068 58.59568139150237 2.1414031672146754 28.344830971919638 39.47651162080929
1.9603960396039604 374.5839616133407 60.38658688273475 2.664526019755144 28.48253367070565 40.59006424243951
1.9702970297029703 422.811731654349 62.63043763117852 3.379994255905291 28.643048972695954 41.92767726526009
1.9801980198019802 483.3104024895581 65.54688787382068 4.40777214272109 28.843591897535525 43.59457839930927
1.99009900990099 561.2624840587537 69.49612345873156 5.9893299087362255 29.072782521038384 45.72138101942978
