1.0396039603960396 803.7192324987126 75.60413976490261 -13.887770556526435 29.42530360256594 52.61936002057201
1.0792079207920793 413.1210891863266 54.1757215899647 -4.201731057799048 28.40357821403937 41.35746468317849
1.118811881188119 265.3508732667712 47.110381593152184 -2.2301846440378896 27.77146609305072 37.03057731925429
1.1584158415841583 191.38199601259575 43.30209252547433 -1.480713049440387 27.358825561478362 34.495638479194135
1.198019801980198 149.6137285931239 40.73409083176227 -1.0768004868588266 26.994740570583946 32.75239820305265
1.2376237623762376 123.85903900687315 38.88141301145905 -0.8066429675529796 26.7514889910427 31.513670912778267
1.2772277227722773 106.55435276452444 37.40748586239402 -0.617251715459924 26.505774138647293 30.544161524267107
1.316831683168317 94.28761627272311 36.25433408010746 -0.46786804130168935 26.339961656615728 29.810308606561055
1.3564356435643563 85.04488905637858 35.26150176718911 -0.35625425222128954 26.160818843721383 29.188149561158262
1.396039603960396 77.9294115632206 34.444313080266014 -0.2680137459866947 26.028125185692836 28.695228404209452
1.4356435643564356 72.2412998747854 33.737648445084645 -0.1928440009833519 25.909684124614664 28.276772456957556
1.4752475247524752 67.57153413327815 33.109837309401556 -0.13522503745440514 25.799778636548236 27.91524209429567
1.5148514851485149 63.732881327609064 32.58355299169972 -0.08119990646626031 25.716751248516985 27.62584729209582
1.5544554455445545 60.44983326347729 32.09023946640145 -0.04025495993671098 25.631640505218762 27.353173547045962
1.5940594059405941 57.66890931646838 31.668158878754653 -0.005523857452647964 25.56215011764513 27.13009689657828
1.6336633663366338 55.26367181009378 31.286861468912075 0.024707097904298665 25.50840447729468 26.933092928925756
1.6732673267326734 53.1498450950643 30.932486063309966 0.03889063828338681 25.440915167123112 26.749238774300817
1.7128712871287128 51.30330655939617 30.623653392134294 0.072061486792358 25.39438420884364 26.600096674109768
1.7524752475247525 49.66320876335928 30.33436731222099 0.07796975450787497 25.34568375502025 26.45579107146613
1.7920792079207921 48.19010249026299 30.067180226931093 0.09530522862084753 25.297745979261656 26.32669537803374
1.8316831683168315 46.913007274961615 29.84617265812601 0.10854917258468123 25.277565269087255 26.229496347949606
1.8712871287128712 45.69729409228043 29.60215797966355 0.11172946949059763 25.216448495375264 26.108453952914598
1.9108910891089108 44.66819338850892 29.421260508236095 0.11967602581883362 25.20720554288885 26.033362896502517
1.9504950495049505 43.687007379622315 29.22484613677712 0.12453092868433364 25.167236340447342 25.941782546062896
1.99009900990099 42.810164761035814 29.05335271834676 0.12734263325052503 25.1410920197724 25.865529524387412
2.0297029702970297 42.03039584828991 28.906808661986798 0.13837207111141156 25.129375927152925 25.80845110739428
2.0693069306930694 41.27227787927467 28.74114868801343 0.13029325697492455 25.086509186887564 25.729179333752842
2.108910891089109 40.634822617883785 28.6238933620101 0.1336374806718547 25.08948267555316 25.685665373564646
2.1485148514851486 40.01043625468823 28.492176235599626 0.13285264117235468 25.057614757123574 25.62944622211203
2.1881188118811883 39.44781528221393 28.374165547021587 0.12778179765890593 25.03882090081978 25.578993815827175
2.227722772277228 38.95142126370218 28.27903590197305 0.12868912835135987 25.03543801214593 25.545965487891657
2.2673267326732676 38.45150433225423 28.161582778434738 0.12162503734364409 25.001243141357946 25.49010682879232
2.306930693069307 38.04955659498238 28.09098929255799 0.12060881555605059 25.01269458854749 25.470093058997858
2.346534653465347 37.64477138603225 28.00572733186373 0.1256733868625579 24.99140401276875 25.437880936984136
2.3861386138613865 37.26457845675751 27.91370292822883 0.11098419504413452 24.970431385227638 25.394561232029403
2.4257425742574257 36.95635755528998 27.86004036401354 0.10683699702438813 24.97943842536962 25.38150394911569
2.4653465346534653 36.62772490453213 27.779287782592526 0.1076298909158857 24.955037922747394 25.342567112362527
2.504950495049505 36.371514959629536 27.73294154275755 0.09361494731324814 24.962456975631213 25.33087567076564
2.5445544554455446 36.10772646817206 27.673824467154883 0.09496886937079661 24.943250867681694 25.30733399971255
2.5841584158415842 35.86818290407059 27.61353246267415 0.07825818010417919 24.929844691389 25.27903398254102
2.623762376237624 35.692462285996655 27.590561586646825 0.07688230188117526 24.948761409666332 25.27934602116865
2.663366336633663 35.48811747788135 27.53835650192439 0.07945733081209252 24.925996504488868 25.255284716495108
2.7029702970297027 35.32682003248293 27.50267686183821 0.05763552920309215 24.92160415448942 25.24208118330557
2.7425742574257423 35.18732047507707 27.475326067322474 0.056858073980128467 24.920393614560055 25.233159956401067
2.782178217821782 35.058705988530605 27.4436929633129 0.050205581103624566 24.91550062413567 25.218719248580562
2.8217821782178216 34.96596072855482 27.429288340290395 0.03870001574281625 24.921299411221202 25.217853850758285
2.8613861386138613 34.86399960859089 27.40115757066201 0.043890869113684484 24.905077085335407 25.204304295613394
2.900990099009901 34.795481033065364 27.385273388285164 0.017324047459987016 24.90413085911465 25.197472368721265
2.9405940594059405 34.760945180565315 27.387038759146797 0.019288585094642447 24.916100951853096 25.20379094587945
2.98019801980198 34.71027092989456 27.366524994584452 0.015266775838659331 24.904391492712865 25.18991912604008
3.01980198019802 34.69663192280139 27.366138679153945 -0.0035737312417450985 24.903712031915447 25.192522275505404
3.0594059405940595 34.69663196395766 27.366138144981377 0.0035718563551962556 24.903711720418944 25.192522306504397
3.099009900990099 34.71027104329925 27.366525207251428 -0.015267154947620362 24.904391557240253 25.18991913531412
3.1386138613861387 34.76094529733692 27.387038837327193 -0.019290641902688963 24.91610110364022 25.203790993533303
3.1782178217821784 34.795481113647696 27.3852729276428 -0.017324787873397043 24.904130649286078 25.197472333852318
3.217821782178218 34.863999730449855 27.40115802314946 -0.04389236713549186 24.905077381909575 25.20430436785961
3.2574257425742577 34.965960823058786 27.429287893753713 -0.038702091569261424 24.92129921803045 25.217853892574364
3.297029702970297 35.05870623256127 27.44369295104462 -0.05020594907101463 24.91550064863382 25.21871925082718
3.3366336633663365 35.187320660977726 27.475326272290925 -0.056859995713916735 24.920393900075325 25.233159995744018
3.376237623762376 35.326820246719 27.50267617602807 -0.0576372417968856 24.921603708480927 25.24208114317433
3.4158415841584158 35.4881177843202 27.53835678264803 -0.07945774623582025 24.925996711265554 25.255284843801913
3.4554455445544554 35.69246241951882 27.590561181360084 -0.0768852530367309 24.948761469920736 25.279346026159537
3.495049504950495 35.86818331319768 27.61353202906289 -0.0782585611801246 24.92984451940232 25.279034084536605
3.5346534653465347 36.107726764303465 27.673824748639788 -0.09497078749914743 24.943251282658764 25.30733411681581
3.5742574257425743 36.37151526482702 27.732940809129104 -0.09361664409570758 24.962456630441288 25.330875662279485
3.613861386138614 36.627725334173995 27.779287971186285 -0.10763031573550881 24.955038181615233 25.342567324730794
3.6534653465346536 36.95635769548292 27.860039859760125 -0.10683965736787307 24.979438458452734 25.381503838532545
3.6930693069306932 37.264578957595305 27.913702237167964 -0.11098512010533813 24.970430954585865 25.394561447792345
3.732673267326733 37.6447716359696 28.005727460221845 -0.12567480704789005 24.99140453795537 25.437880938786467
3.7722772277227725 38.04955700097765 28.090988520015273 -0.12061077729588372 25.01269429537526 25.470093210508217
3.8118811881188117 38.451504724408565 28.161582522772356 -0.121625536560185 25.001243281667378 25.490106939110074
3.8514851485148514 38.95142145985401 28.27903548825665 -0.1286917170460578 25.035438264028148 25.545965520105163
3.891089108910891 39.44781581332454 28.374164675510446 -0.12778278517756977 25.03882038460629 25.578994117826735
3.9306930693069306 40.01043645782547 28.492176009461975 -0.13285421130439617 25.057615347824616 25.629446344199152
3.9702970297029703 40.63482304006613 28.623892450219387 -0.13363966544140207 25.089482368888376 25.685665650181726
4.00990099009901 41.2722779514511 28.74114790961629 -0.1302942616141842 25.086509363983666 25.72917947040191
4.0495049504950495 42.03039580079065 28.906808156374996 -0.13837412973012045 25.129376209783363 25.80845116506134
4.089108910891089 42.81016490055849 29.05335153342687 -0.1273441704900952 25.141091609471747 25.86552989474944
4.128712871287129 43.68700709631993 29.22484567019627 -0.12453242131045762 25.167236987680106 25.941782647626333
4.1683168316831685 44.668193334084535 29.42125952668561 -0.11967842150810852 25.207205399756788 26.033363339873652
4.207920792079208 45.69729358728491 29.602156827397806 -0.11173116420149236 25.216448665121206 26.108454366871957
4.247524752475248 46.91300631256819 29.84617168608825 -0.10855069649693301 25.277565563760245 26.229496610059353
4.287128712871287 48.19010129164618 30.06717844369305 -0.09530752655453878 25.297745639984655 26.326695855508074
4.326732673267326 49.66320685801484 30.334366125503557 -0.07797106759896193 25.345684284550643 26.455791455444206
4.366336633663366 51.3033044282442 30.623651731387902 -0.0720647491345831 25.394384148756547 26.60009738283212
4.405940594059405 53.14984170592597 30.932483953627496 -0.038891849975496405 25.44091514573717 26.74923939964958
4.445544554455445 55.26366714756322 31.286859450156708 -0.024710600223785042 25.508404876136286 26.933093559503128
4.485148514851485 57.66890310931555 31.668155975663996 0.005521947776307864 25.562149714249287 27.13009766656379
4.524752475247524 60.44982421621491 32.090236695668345 0.04025227868954653 25.631641171949752 27.35317418812906
4.564356435643564 63.73286964667104 32.58354969352868 0.08119687687101648 25.716750993618312 27.625848538794983
4.603960396039604 67.57151651808105 33.109833256347265 0.1352216625580933 25.79977901352726 27.91524309252652
4.643564356435643 72.24127497444464 33.737643726268004 0.19284065091360011 25.90968406969103 28.27677392884091
4.683168316831683 77.92937351079324 34.444307215290614 0.2680098108036687 26.028125344670457 28.69522964344408
4.7227722772277225 85.044829972341 35.261494818919566 0.3562501681955921 26.160818874666838 29.188151409947277
4.762376237623762 94.28751855905739 36.25432552543787 0.4678631809041535 26.33996166792828 29.810310591123688
4.801980198019802 106.55417789480138 37.407474862933 0.6172452442100647 26.505774065107456 30.544163917549096
4.841584158415841 123.85869492112623 38.881399046294085 0.8066359559799198 26.75148885643536 31.51367370596233
4.881188118811881 149.61295900920348 40.734072130429325 1.076789133898659 26.99473991633832 32.752401067938
4.920792079207921 191.38000461719645 43.302068615571926 1.4806971099077535 27.358824737802003 34.49564204507627
4.96039603960396 265.34504380114095 47.110351947801725 2.230155744329418 27.771464708511676 37.03058281918284
