1.0396039603960396 1399.8890887686723 81.86803520679227 -15.96458114894329 30.00970820038832 60.198397036170384
1.0792079207920793 478.4101798610012 53.43740696123909 -3.6773055364341776 28.845572520182618 43.242159919985234
1.118811881188119 270.45145995765876 46.675222765306636 -2.1903317054062637 28.204312684447714 38.080179997480904
1.1584158415841583 188.60220205889374 43.006682171608716 -1.5374846154240267 27.75397118682579 35.24154960093192
1.198019801980198 146.9908213278508 40.55491557259784 -1.1354354368241777 27.409524605686414 33.39544995154044
1.2376237623762376 121.98120212132551 38.749508515717274 -0.8512346462006682 27.142149386596067 32.083725917990186
1.2772277227722773 105.28350300570361 37.320715006719105 -0.6544741186262206 26.89620331008913 31.077505335581762
1.316831683168317 93.34547305180159 36.16367502937124 -0.5012648713853968 26.69920870513698 30.291168364383875
1.3564356435643563 84.41276739972132 35.21300165405572 -0.38128383930853466 26.539307329936477 29.66824139758441
1.396039603960396 77.45307232674742 34.40303451971812 -0.2818230202725793 26.400761845316513 29.154030245690198
1.4356435643564356 71.85776000923475 33.69381697676627 -0.20328474720674747 26.27022709009929 28.71496216665766
1.4752475247524752 67.28908128437536 33.07983552926494 -0.14571081166353922 26.159979363277408 28.345090196844183
1.5148514851485149 63.50090806216474 32.5530108798847 -0.08727409375286316 26.074853670041314 28.041628045876134
1.5544554455445545 60.28467836400634 32.077754956930775 -0.04751560335760488 25.995481804095135 27.771374646728585
1.5940594059405941 57.522292972552606 31.6480444266772 -0.013647966540898199 25.915480364028415 27.533397266842123
1.6336633663366338 55.13005115197726 31.26135735376195 0.012789424566079876 25.847875419603774 27.322701797890687
1.6732673267326734 53.05273328121107 30.92137862675316 0.043175968156579654 25.791660047982482 27.146321531974053
1.7128712871287128 51.21691166149711 30.60833701506971 0.06442523061445586 25.74132902080476 26.984497238557488
1.7524752475247525 49.585276339742016 30.31949449312789 0.07806094042559876 25.6890858046994 26.83729239399545
1.7920792079207921 48.14074955738728 30.06309951264199 0.09374622788764837 25.64822597685429 26.712361565507475
1.8316831683168315 46.841693804026335 29.825097139570467 0.10484221702805657 25.613686031263395 26.595821824780987
1.8712871287128712 45.671378611666086 29.606551965664462 0.11759086248224027 25.57522176649707 26.49289805800691
1.9108910891089108 44.60572250278742 29.398025532380835 0.11658645112649588 25.536926223086294 26.39117660485125
1.9504950495049505 43.65587419688551 29.219191099980762 0.12576247871337765 25.511307808429894 26.312064361339733
1.99009900990099 42.79982625191343 29.059262798108943 0.13117036705257543 25.496631625439576 26.243242052696562
2.0297029702970297 41.98609723466393 28.888190197188464 0.13193196137299568 25.457332112981344 26.161476850497568
2.0693069306930694 41.27677504795452 28.75406331547879 0.13309770082885272 25.44300650108971 26.107796185508303
2.108910891089109 40.610591370917 28.616812097877023 0.13000789234208587 25.421700600254923 26.046342938490262
2.1485148514851486 40.005059733048626 28.49525509879764 0.13474135671684442 25.40560478781945 25.99572571128775
2.1881188118811883 39.43265071461979 28.368725342324275 0.12673450220215765 25.376898931084455 25.93662445522224
2.227722772277228 38.92231694558563 28.264508368633237 0.12887196361083245 25.365114128306736 25.893479177976293
2.2673267326732676 38.46888021885568 28.178264701161645 0.13024466947824997 25.364377960301233 25.863389816271315
2.306930693069307 38.024002485278 28.07775508353212 0.12008526061061064 25.337574281009164 25.817947454864804
2.346534653465347 37.63685668220727 28.00126638122478 0.11967798384825472 25.33077426744196 25.79062443313364
2.3861386138613865 37.26457059989037 27.91642962501976 0.10966628423289032 25.31445558038259 25.752181121275747
2.4257425742574257 36.939993520574795 27.85138778062207 0.1126237899998169 25.31409066419442 25.728552978804117
2.4653465346534653 36.62031775232486 27.77530279695304 0.10293069924905601 25.287703871525327 25.69433534634251
2.504950495049505 36.35807209241126 27.726235625763774 0.09267354635155205 25.290974742319065 25.67949713801728
2.5445544554455446 36.11781976511526 27.6812131793144 0.09075949470939283 25.29295836947755 25.666366217306443
2.5841584158415842 35.86224213376707 27.61040772807155 0.08614483225449739 25.26821351650492 25.627633880306462
2.623762376237624 35.67492978433393 27.580295664026476 0.08588062321755738 25.274882364504606 25.623482847216543
2.663366336633663 35.4825897416181 27.533447486856687 0.06725758446803243 25.25807707697055 25.602893907051165
2.7029702970297027 35.34469140691619 27.516460629910842 0.060340244661456384 25.276601951550212 25.604038487850445
2.7425742574257423 35.17181353642336 27.463641992737948 0.05985108280541332 25.2454305664138 25.574625219932134
2.782178217821782 35.05014339497861 27.437567771295953 0.05193262447838854 25.24741107924308 25.563927778704993
2.8217821782178216 34.96761816188476 27.431855006427387 0.04149004200937564 25.260315410425054 25.5705193480896
2.8613861386138613 34.859915122414726 27.396438687491496 0.029221092294226824 25.239371957751118 25.54945500314453
2.900990099009901 34.807285177596725 27.39454843568659 0.030397122351461324 25.25214865628385 25.55493944031561
2.9405940594059405 34.73594040074961 27.367701306065428 0.02192790747690304 25.234285401589037 25.537222367500455
2.98019801980198 34.72467271667432 27.377537135714487 0.010839901243352313 25.25395734283385 25.548699210685832
3.01980198019802 34.68937439930628 27.360340833844493 0.002394742942490891 25.234643043984672 25.53688180027123
3.0594059405940595 34.68937408474784 27.36034083402491 -0.002410424580326352 25.23464293550893 25.53688176480917
3.099009900990099 34.724672893920456 27.377537795928344 -0.010855034022042185 25.25395775328751 25.548699661684793
3.1386138613861387 34.735940250018096 27.367701005396665 -0.021943274276376188 25.234285444998733 25.537222173453227
